Hedge Maze
250 240 175
25 75 35
spawns
0 9 21 6 
obstacles
2 1  1 1
3 1  1 1
4 1  1 1
3 7  1 1
4 7  1 1
4 6  1 1
4 5  1 1
3 5  1 1
3 6  1 1
2 11  1 1
2 12  1 1
2 13  1 1
3 13  1 1
4 13  1 1
4 12  1 1
4 11  1 1
3 11  1 1
3 12  1 1
2 5  1 1
2 7  1 1
7 2  1 1
7 4  1 1
8 2  1 1
8 3  1 1
8 4  1 1
9 4  1 1
9 3  1 1
9 2  1 1
8 8  1 1
7 8  1 1
7 9  1 1
7 10  1 1
8 9  1 1
9 8  1 1
9 9  1 1
8 10  1 1
9 10  1 1
7 14  1 1
8 14  1 1
9 14  1 1
9 15  1 1
8 15  1 1
7 15  1 1
7 3  1 1
2 6  1 1
13 1  1 1
12 1  1 1
14 1  1 1
12 5  1 1
12 6  1 1
12 7  1 1
13 7  1 1
14 7  1 1
14 6  1 1
14 5  1 1
13 5  1 1
13 6  1 1
12 11  1 1
12 12  1 1
13 12  1 1
13 13  1 1
14 13  1 1
14 12  1 1
14 11  1 1
12 13  1 1
13 11  1 1
17 4  1 1
17 2  1 1
17 3  1 1
18 4  1 1
18 3  1 1
18 2  1 1
19 2  1 1
19 3  1 1
19 4  1 1
17 8  1 1
17 9  1 1
17 10  1 1
18 8  1 1
19 8  1 1
19 9  1 1
19 10  1 1
18 10  1 1
18 9  1 1
17 14  1 1
17 15  1 1
18 14  1 1
18 15  1 1
19 15  1 1
19 14  1 1
1 11  1 1
1 7  1 1
20 4  1 1
20 8  1 1
