MAP NAME HERE
220 230 220
40 40 40
spawns
0 8 10 0 
21 7 0 10 
obstacles
0 0  1 1
0 1  1 1
0 2  1 1
0 3  1 1
0 4  1 1
0 5  1 1
1 5  1 1
2 5  1 1
3 5  1 1
4 5  1 1
5 5  1 1
5 4  1 1
5 3  1 1
5 2  1 1
5 1  1 1
5 0  1 1
4 0  1 1
3 0  1 1
2 0  1 1
1 0  1 1
2 2  1 1
2 3  1 1
3 3  1 1
3 2  1 1
0 11  1 1
0 12  1 1
0 13  1 1
0 14  1 1
0 15  1 1
0 16  1 1
1 16  1 1
2 16  1 1
3 16  1 1
4 16  1 1
5 16  1 1
5 15  1 1
5 14  1 1
5 13  1 1
5 12  1 1
5 11  1 1
4 11  1 1
3 11  1 1
2 11  1 1
1 11  1 1
2 13  1 1
2 14  1 1
3 14  1 1
3 13  1 1
16 0  1 1
16 1  1 1
16 2  1 1
16 3  1 1
16 4  1 1
16 5  1 1
17 5  1 1
18 5  1 1
19 5  1 1
20 5  1 1
21 5  1 1
21 4  1 1
21 3  1 1
21 2  1 1
21 1  1 1
21 0  1 1
20 0  1 1
19 0  1 1
18 0  1 1
17 0  1 1
18 2  1 1
18 3  1 1
19 3  1 1
19 2  1 1
15 11  1 1
13 9  1 1
13 10  1 1
13 11  1 1
13 12  1 1
13 13  1 1
14 13  1 1
16 13  1 1
17 13  1 1
15 13  1 1
17 12  1 1
17 11  1 1
17 10  1 1
17 9  1 1
16 9  1 1
15 9  1 1
14 9  1 1
