Corner
235 225 205
110 120 130
spawns
13 0 0 8 
15 0 0 10 
0 13 18 0 
0 15 20 0 
obstacles
16 1  1 1
16 2  1 1
16 3  1 1
16 4  1 1
16 5  1 1
16 6  1 1
16 7  1 1
16 8  1 1
16 9  1 1
16 10  1 1
16 11  1 1
15 11  1 1
14 11  1 1
13 11  1 1
12 11  1 1
11 11  1 1
10 11  1 1
9 11  1 1
8 11  1 1
7 11  1 1
6 11  1 1
5 11  1 1
4 11  1 1
3 11  1 1
2 11  1 1
1 11  1 1
11 1  1 1
11 2  1 1
11 3  1 1
11 4  1 1
11 5  1 1
11 6  1 1
10 6  1 1
9 6  1 1
8 6  1 1
7 6  1 1
6 6  1 1
5 6  1 1
4 6  1 1
3 6  1 1
2 6  1 1
1 6  1 1
1 1  1 1
1 2  1 1
1 3  1 1
1 4  1 1
1 5  1 1
2 5  1 1
2 4  1 1
2 3  1 1
2 2  1 1
2 1  1 1
3 1  1 1
3 2  1 1
3 3  1 1
3 4  1 1
3 5  1 1
4 5  1 1
4 4  1 1
4 3  1 1
4 2  1 1
4 1  1 1
5 1  1 1
5 2  1 1
5 3  1 1
5 4  1 1
5 5  1 1
6 5  1 1
6 4  1 1
6 3  1 1
6 2  1 1
6 1  1 1
7 1  1 1
7 2  1 1
7 3  1 1
7 4  1 1
7 5  1 1
8 5  1 1
8 4  1 1
8 3  1 1
8 2  1 1
8 1  1 1
9 1  1 1
9 2  1 1
9 3  1 1
9 4  1 1
9 5  1 1
10 5  1 1
10 4  1 1
10 3  1 1
10 2  1 1
10 1  1 1
